12.00
37.00
46.00
28.00
50.71
0.00
13.65
29.00
9.00
13.00
20.04
0.00
13.88
13.00
19.21
25.00
34.00
26.66
9.81
25.00
11.11
37.00
32.00
7.22
10.14
49.79
15.00
16.00
0.00
25.00
20.50
14.35
11.76
11.23
9.89
10.86
19.61
9.89
20.00
16.00
18.00
0.00
12.00
16.00
0.00
80.00
80.00
19.93
0.00
14.42
0.00
15.07
44.00
26.00
12.80
15.00
16.37
15.00
22.52
25.00
15.00
0.00
24.79
0.00
10.86
16.04
10.86
0.00
11.51
9.56
15.72
20.00
15.00
10.86
14.75
12.16
12.16
15.00
0.00
19.28
28.00
15.00
15.00
10.21
0.00
0.00
11.18
19.64
0.00
0.00
0.00
0.00